372.666656494
379.666656494
360.333312988
382.0
369.0
368.0
373.333312988
369.333312988
382.0
377.0
357.333312988
348.333312988
355.333312988
374.333312988
369.666656494
364.333312988
351.0
339.0
352.666656494
354.666656494
360.0
368.0
344.666656494
394.333312988
408.333312988
399.333312988
421.666656494
490.333312988
619.333312988
607.666656494
498.333312988
386.666656494
388.333312988
385.666656494
374.666656494
330.666656494
368.333312988
387.333312988
375.333312988
377.0
354.0
379.0
368.0
338.666656494
363.0
348.666656494
382.0
358.333312988
365.0
396.666656494
365.666656494
369.666656494
369.0
367.666656494
384.666656494
350.666656494
359.0
381.0
378.333312988
357.0
357.333312988
369.333312988
353.666656494
351.666656494
380.333312988
366.666656494
338.333312988
371.666656494
376.333312988
362.666656494
338.666656494
371.0
345.666656494
389.0
396.0
352.0
373.333312988
382.666656494
367.0
343.333312988
370.666656494
361.666656494
372.666656494
386.666656494
338.666656494
367.0
371.666656494
363.333312988
362.0
357.333312988
379.666656494
369.333312988
394.0
382.333312988
370.666656494
360.0
377.333312988
391.333312988
382.333312988
352.333312988
354.0
363.0
407.333312988
410.333312988
413.0
447.666656494
525.0
757.333312988
913.333312988
679.333312988
474.333312988
399.0
369.666656494
375.666656494
352.666656494
348.333312988
375.333312988
383.666656494
390.333312988
371.666656494
360.666656494
375.333312988
372.0
363.0
374.666656494
350.0
362.666656494
365.333312988
370.333312988
373.666656494
389.0
394.666656494
375.0
373.666656494
348.0
375.333312988
376.666656494
375.666656494
364.333312988
384.333312988
369.0
366.666656494
370.666656494
365.666656494
367.333312988
380.0
372.333312988
387.333312988
381.0
367.666656494
373.666656494
386.0
369.333312988
364.666656494
378.0
379.666656494
391.333312988
377.0
373.666656494
362.0
395.666656494
393.333312988
392.333312988
374.0
379.333312988
352.0
402.333312988
403.0
383.0
381.666656494
389.0
400.0
373.0
375.333312988
368.666656494
392.666656494
378.666656494
369.333312988
370.333312988
363.666656494
387.0
402.333312988
361.333312988
397.666656494
407.333312988
435.333312988
452.666656494
469.0
607.0
918.0
930.333312988
658.666656494
471.0
389.0
391.666656494
375.0
381.333312988
392.666656494
376.666656494
362.666656494
391.666656494
333312988
422.0
381.333312988
420.333312988
488.666656494
577.333312988
710.333312988
721.666656494
814.666656494
1005.333312988
844.0
594.333312988
511.0
513.0
529.0
551.0
684.666656494
966.666656494
955.666656494
709.333312988
529.666656494
459.0
441.333312988
417.333312988
422.0
440.666656494
471.0
502.0
560.333312988
874.0
1121.666656494
958.333312988
942.666656494
839.666656494
600.0
470.0
440.333312988
419.0
411.666656494
420.0
409.0
413.0
504.0
511.0
585.666656494
694.666656494
1023.333312988
1824.0
1838.0
1314.333312988
1046.333312988
691.666656494
641.666656494
655.0
640.333312988
488.333312988
419.666656494
395.333312988
404.0
396.333312988
420.666656494
437.0
442.0
523.333312988
615.0
737.333312988
867.666656494
1214.666656494
2404.0
3620.333312988
2985.666656494
2194.666656494
1377.0
795.0
599.666656494
670.333312988
835.666656494
861.0
866.0
792.333312988
895.666656494
959.333312988
747.0
563.0
520.0
504.333312988
605.0
696.666656494
761.666656494
862.0
1013.666656494
1316.0
2119.0
4045.666656494
6054.666656494
5485.0
3806.333312988
1878.666656494
918.0
